iso1	iso2	comp	genenum_iso1	genenum_iso2	dist_bray	subset_genenum_iso1	subset_genenum_iso2	subset_genenum_mrca	subset_dist_bray	subset_n_gene_diff_bray	iso1_gain	iso1_loss	iso2_gain	iso2_loss	total_events	iso1_gain_events	iso1_loss_events	iso2_gain_events	iso2_loss_events	iso1_G50	iso1_L50	iso2_G50	iso2_L50
GCA.000210075.1.ASM21007v1	GCA.015551805.1.ASM1555180v1	GCA.000210075.1.ASM21007v1_GCA.015551805.1.ASM1555180v1	4775	5265	0.208	4740	5208	4619	0.205	2040	591	470	784	195	548	175	145	147	81	12	8	13	4
GCA.003464445.1.ASM346444v1	GCA.009102085.1.ASM910208v1	GCA.003464445.1.ASM346444v1_GCA.009102085.1.ASM910208v1	5068	5070	0.304	5033	5040	4508	0.299	3015	936	411	1100	568	699	203	161	180	155	11	4	22	7
GCA.003468875.1.ASM346887v1	P14.E4	GCA.003468875.1.ASM346887v1_P14.E4	4726	5122	0.207	4687	5100	4286	0.203	1983	643	242	956	142	332	97	76	92	67	21	6	44	3
GCA.004167295.1.ASM416729v1	GCA.003474645.1.ASM347464v1	GCA.004167295.1.ASM416729v1_GCA.003474645.1.ASM347464v1	4966	5657	0.244	4936	5600	4568	0.242	2548	597	229	1377	345	536	136	90	203	107	12	7	19	7
GCA.009101945.1.ASM910194v1	GCA.009102805.1.ASM910280v1	GCA.009101945.1.ASM910194v1_GCA.009102805.1.ASM910280v1	5379	5181	0.154	5348	5165	4951	0.152	1595	677	280	426	212	344	110	70	103	61	19	9	12	10
GCA.015547545.1.ASM1554754v1	GCA.009102105.1.ASM910210v1	GCA.015547545.1.ASM1554754v1_GCA.009102105.1.ASM910210v1	5358	5321	0.164	5327	5303	4945	0.162	1722	583	201	648	290	358	88	69	122	79	20	6	29	7
GCA.900107825.1.IMG.taxon.2623620516.annotated.assembly	GCA.900114865.1.IMG.taxon.2654588180.annotated.assembly	GCA.900107825.1.IMG.taxon.2623620516.annotated.assembly_GCA.900114865.1.IMG.taxon.2654588180.annotated.assembly	4805	4607	0.199	4780	4588	4491	0.195	1830	647	358	461	364	436	126	114	91	105	16	5	14	8
P21.11A	GCA.003458755.1.ASM345875v1	P21.11A_GCA.003458755.1.ASM345875v1	4556	5335	0.196	4543	5260	4451	0.189	1857	400	308	979	170	762	71	97	507	87	19	6	2	3
P21.6E	GCA.000273315.1.Bact.xyla.CL03T12C04.V1	P21.6E_GCA.000273315.1.Bact.xyla.CL03T12C04.V1	4908	4774	0.159	4901	4748	4337	0.157	1511	746	182	497	86	267	78	79	80	30	55	5	17	5
