iso1	iso2	comp	genenum_iso1	genenum_iso2	dist_bray	subset_genenum_iso1	subset_genenum_iso2	subset_genenum_mrca	subset_dist_bray	subset_n_gene_diff_bray	iso1_gain	iso1_loss	iso2_gain	iso2_loss	total_events	iso1_gain_events	iso1_loss_events	iso2_gain_events	iso2_loss_events	iso1_G50	iso1_L50	iso2_G50	iso2_L50
GCA.000210075.1.ASM21007v1	GCA.015551805.1.ASM1555180v1	GCA.000210075.1.ASM21007v1_GCA.015551805.1.ASM1555180v1	4775	5265	0.208	4498	4970	4017	0.216	2044	716	235	1023	70	344	132	64	117	31	25	12	34	8
GCA.003464445.1.ASM346444v1	GCA.009102085.1.ASM910208v1	GCA.003464445.1.ASM346444v1_GCA.009102085.1.ASM910208v1	5068	5070	0.304	5051	5062	3906	0.302	3053	1336	191	1341	185	478	185	57	169	67	19	6	39	5
GCA.003468875.1.ASM346887v1	P14.E4	GCA.003468875.1.ASM346887v1_P14.E4	4726	5122	0.207	4715	5105	4135	0.205	2016	736	156	1047	77	221	94	29	72	26	23	11	91	7
GCA.004167295.1.ASM416729v1	GCA.003474645.1.ASM347464v1	GCA.004167295.1.ASM416729v1_GCA.003474645.1.ASM347464v1	4966	5657	0.244	4790	5446	4084	0.249	2546	773	67	1534	172	395	148	30	171	46	14	3	19	7
GCA.009101945.1.ASM910194v1	GCA.009102805.1.ASM910280v1	GCA.009101945.1.ASM910194v1_GCA.009102805.1.ASM910280v1	5379	5181	0.154	5333	5154	4594	0.152	1597	820	81	628	68	217	89	22	81	25	52	18	32	5
GCA.015547545.1.ASM1554754v1	GCA.009102105.1.ASM910210v1	GCA.015547545.1.ASM1554754v1_GCA.009102105.1.ASM910210v1	5358	5321	0.164	5186	5172	4597	0.167	1732	656	67	792	217	263	89	23	110	41	28	13	35	12
GCA.900107825.1.IMG.taxon.2623620516.annotated.assembly	GCA.900114865.1.IMG.taxon.2654588180.annotated.assembly	GCA.900107825.1.IMG.taxon.2623620516.annotated.assembly_GCA.900114865.1.IMG.taxon.2654588180.annotated.assembly	4805	4607	0.199	4790	4599	3938	0.197	1849	948	96	733	72	239	90	37	81	31	54	5	21	4
P21.11A	GCA.003458755.1.ASM345875v1	P21.11A_GCA.003458755.1.ASM345875v1	4556	5335	0.196	4553	5320	4131	0.195	1923	479	57	1288	99	469	69	19	343	38	24	5	7	13
P21.6E	GCA.000273315.1.Bact.xyla.CL03T12C04.V1	P21.6E_GCA.000273315.1.Bact.xyla.CL03T12C04.V1	4908	4774	0.159	4906	4755	4152	0.158	1523	805	51	635	32	193	67	30	83	13	71	2	32	3
