iso1	iso2	comp	genenum_iso1	genenum_iso2	dist_bray	subset_genenum_iso1	subset_genenum_iso2	subset_genenum_mrca	subset_dist_bray	subset_n_gene_diff_bray	iso1_gain	iso1_loss	iso2_gain	iso2_loss	total_events	iso1_gain_events	iso1_loss_events	iso2_gain_events	iso2_loss_events	iso1_G50	iso1_L50	iso2_G50	iso2_L50
GCA.000210075.1.ASM21007v1	GCA.015551805.1.ASM1555180v1	GCA.000210075.1.ASM21007v1_GCA.015551805.1.ASM1555180v1	4775	5265	0.208	4740	5208	4619	0.205	2040	591	470	784	195	390	119	113	88	70	20	11	29	7
GCA.003464445.1.ASM346444v1	GCA.009102085.1.ASM910208v1	GCA.003464445.1.ASM346444v1_GCA.009102085.1.ASM910208v1	5068	5070	0.304	5033	5040	4508	0.299	3015	936	411	1100	568	516	151	118	126	121	15	6	35	10
GCA.003468875.1.ASM346887v1	P14.E4	GCA.003468875.1.ASM346887v1_P14.E4	4726	5122	0.207	4687	5100	4286	0.203	1983	643	242	956	142	235	75	53	57	50	21	13	79	7
GCA.004167295.1.ASM416729v1	GCA.003474645.1.ASM347464v1	GCA.004167295.1.ASM416729v1_GCA.003474645.1.ASM347464v1	4966	5657	0.244	4936	5600	4568	0.242	2548	597	229	1377	345	427	114	76	153	84	13	8	24	10
GCA.009101945.1.ASM910194v1	GCA.009102805.1.ASM910280v1	GCA.009101945.1.ASM910194v1_GCA.009102805.1.ASM910280v1	5379	5181	0.154	5348	5165	4951	0.152	1595	677	280	426	212	245	77	44	71	53	53	17	20	21
GCA.015547545.1.ASM1554754v1	GCA.009102105.1.ASM910210v1	GCA.015547545.1.ASM1554754v1_GCA.009102105.1.ASM910210v1	5358	5321	0.164	5327	5303	4945	0.162	1722	583	201	648	290	280	70	50	97	63	28	15	32	12
GCA.900107825.1.IMG.taxon.2623620516.annotated.assembly	GCA.900114865.1.IMG.taxon.2654588180.annotated.assembly	GCA.900107825.1.IMG.taxon.2623620516.annotated.assembly_GCA.900114865.1.IMG.taxon.2654588180.annotated.assembly	4805	4607	0.199	4780	4588	4491	0.195	1830	647	358	461	364	285	81	77	65	62	23	11	14	14
P21.11A	GCA.003458755.1.ASM345875v1	P21.11A_GCA.003458755.1.ASM345875v1	4556	5335	0.196	4543	5260	4451	0.189	1857	400	308	979	170	510	49	60	331	70	21	10	4	5
P21.6E	GCA.000273315.1.Bact.xyla.CL03T12C04.V1	P21.6E_GCA.000273315.1.Bact.xyla.CL03T12C04.V1	4908	4774	0.159	4901	4748	4337	0.157	1511	746	182	497	86	203	57	57	63	26	58	7	36	15
